     page-rank  in   out  author
       0.0630   31   31   Golub               
       0.0312   15   15   Demmel              
       0.0269   13   13   Plemmons            
       0.0249   12   12   Schreiber           
       0.0236   10   10   TChan               
       0.0230   12   12   Heath               
       0.0207    9    9   Gragg               
       0.0203   10   10   Hammarling          
       0.0195   10   10   VanDooren           
       0.0171    8    8   Moler               
       0.0171    7    7   Gutknecht           
       0.0159    8    8   VanLoan             
       0.0150    7    7   Eisenstat           
       0.0147    7    7   Paige               
       0.0144    6    6   NTrefethen          
       0.0143    5    5   Varga               
       0.0141    6    6   Meyer               
       0.0140    6    6   Stewart             
       0.0139    7    7   Luk                 
       0.0139    6    6   Bunch               
       0.0139    5    5   Widlund             
       0.0137    6    6   Reichel             
       0.0137    7    7   George              
       0.0137    5    5   Ipsen               
       0.0133    5    5   Greenbaum           
       0.0122    6    6   Bjorck              
       0.0113    5    5   Kagstrom            
       0.0112    5    5   Nichols             
       0.0112    5    5   Laub                
       0.0110    5    5   Barlow              
       0.0108    5    5   Zha                 
       0.0108    5    5   Duff                
       0.0104    5    5   Park                
       0.0101    4    4   BunseGerstner       
       0.0101    4    4   Arioli              
       0.0101    5    5   Gilbert             
       0.0100    5    5   Liu                 
       0.0098    4    4   Hansen              
       0.0092    4    4   Nachtigal           
       0.0090    3    3   Bjorstad            
       0.0089    4    4   Wilkinson           
       0.0088    4    4   Harrod              
       0.0088    4    4   Gill                
       0.0086    4    4   Berry               
       0.0086    4    4   Sameh               
       0.0086    4    4   Boley               
       0.0084    4    4   VanHuffel           
       0.0083    3    3   Fischer             
       0.0083    4    4   Bojanczyk           
       0.0081    4    4   Ng                  
       0.0081    3    3   Kahan               
       0.0080    2    2   Young               
       0.0078    2    2   Jessup              
       0.0078    3    3   Ammar               
       0.0076    3    3   OLeary              
       0.0075    3    3   Kaufman             
       0.0072    3    3   NHigham             
       0.0072    2    2   Ruhe                
       0.0068    3    3   Saunders            
       0.0068    3    3   Funderlic           
       0.0068    3    3   Bai                 
       0.0067    2    2   Marek               
       0.0067    3    3   Elden               
       0.0067    2    2   Szyld               
       0.0066    3    3   Tang                
       0.0065    2    2   Starke              
       0.0063    2    2   Hochbruck           
       0.0060    2    2   Kuo                 
       0.0060    2    2   Tong                
       0.0058    2    2   He                  
       0.0055    2    2   Warner              
       0.0055    2    2   Byers               
       0.0055    2    2   Fierro              
       0.0052    2    2   Pothen              
       0.0051    2    2   Dubrulle            

ans =

    0.0630
    0.0089
    0.0236
    0.0058
    0.0032
    0.0033
    0.0035
    0.0034
    0.0038
    0.0049
    0.0032
    0.0034
    0.0048
    0.0048
    0.0086
    0.0032
    0.0055
    0.0034
    0.0075
    0.0033
    0.0055
    0.0032
    0.0088
    0.0032
    0.0068
    0.0032
    0.0037
    0.0037
    0.0034
    0.0034
    0.0045
    0.0159
    0.0038
    0.0068
    0.0083
    0.0051
    0.0067
    0.0060
    0.0068
    0.0060
    0.0137
    0.0171
    0.0101
    0.0249
    0.0052
    0.0144
    0.0092
    0.0081
    0.0143
    0.0080
    0.0113
    0.0110
    0.0139
    0.0090
    0.0076
    0.0072
    0.0040
    0.0122
    0.0150
    0.0108
    0.0084
    0.0104
    0.0101
    0.0036
    0.0081
    0.0195
    0.0100
    0.0038
    0.0108
    0.0033
    0.0066
    0.0137
    0.0139
    0.0203
    0.0067
    0.0083
    0.0140
    0.0139
    0.0171
    0.0112
    0.0230
    0.0137
    0.0133
    0.0072
    0.0035
    0.0269
    0.0098
    0.0067
    0.0101
    0.0207
    0.0086
    0.0086
    0.0078
    0.0055
    0.0037
    0.0141
    0.0112
    0.0147
    0.0088
    0.0078
    0.0034
    0.0063
    0.0065
    0.0312

ex7_1
