1: Node 34
   Degree: 17

2: Node 1
   Degree: 16

3: Node 33
   Degree: 12

4: Node 3
   Degree: 10

5: Node 2
   Degree: 9

ex7_2
     page-rank  in  out  url
  34   0.1009   17   17   
   1   0.0970   16   16   
  33   0.0717   12   12   
   3   0.0571   10   10   
   2   0.0529    9    9   
  32   0.0372    6    6   
   4   0.0359    6    6   
  24   0.0315    5    5   
   9   0.0298    5    5   
  14   0.0295    5    5   
   6   0.0291    4    4   
   7   0.0291    4    4   
  30   0.0263    4    4   
  28   0.0256    4    4   
  31   0.0246    4    4   
   8   0.0245    4    4   
  11   0.0220    3    3   
   5   0.0220    3    3   
  25   0.0211    3    3   
  26   0.0210    3    3   
  20   0.0196    3    3   
  29   0.0196    3    3   
  17   0.0168    2    2   
  27   0.0150    2    2   
  13   0.0146    2    2   
  18   0.0146    2    2   
  22   0.0146    2    2   
  15   0.0145    2    2   
  16   0.0145    2    2   
  19   0.0145    2    2   
  21   0.0145    2    2   
  23   0.0145    2    2   
  10   0.0143    2    2   
  12   0.0096    1    1   
ex7_1
1: Node 34
   Degree: 17

2: Node 1
   Degree: 16

3: Node 33
   Degree: 12

4: Node 3
   Degree: 10

5: Node 2
   Degree: 9

ex7_2
